7
1.5e+12
0.0000e+00  0.0000e+00  0.0000e+00  0.0000e+00   1.9890e+30 sun.gif
5.7900e+10  0.0000e+00  0.0000e+00  4.7900e+04   3.3020e+23 pluto.gif
1.0820e+11  0.0000e+00  0.0000e+00  3.5000e+04   4.8690e+24 neptune.gif
1.4960e+11  0.0000e+00  0.0000e+00  2.9800e+04   5.9740e+24 saturn.gif
2.2790e+11  0.0000e+00  0.0000e+00  2.4100e+04   6.4190e+23 jupiter.gif
7.7790e+11  0.0000e+00  0.0000e+00  1.3070e+04   1.8986e+27 mars.gif
1.4240e+12  0.0000e+00  0.0000e+00  9.6390e+03   5.6846e+26 earth.gif
2.4780e+12  0.0000e+00  0.0000e+00  2.5790e+03   3.5476e+28 venus.gif
3.2640e+12  0.0000e+00  0.0000e+00  4.9590e+03   4.8546e+27 mercury.gif